3 0.58125 0.14453125 0.065625 0.115625
1 0.3015625 0.396875 0.14375 0.5859375
1 0.1328125 0.5171875 0.265625 0.965625
1 0.84921875 0.43828125 0.1890625 0.709375
3 0.1765625 0.153125 0.05625 0.14375
3 0.11796875 0.115625 0.0734375 0.1734375
3 0.29140625 0.15390625 0.0484375 0.1046875
1 0.57421875 0.48828125 0.2234375 0.8328125
3 0.84453125 0.15078125 0.05 0.1140625
0 0.090625 0.64375 0.065625 0.078125
0 0.5640625 0.53515625 0.0921875 0.04375
0 0.278125 0.4578125 0.0421875 0.05
0 0.84609375 0.48125 0.0765625 0.0390625
3 0.878125 0.1453125 0.0203125 0.1
1 0.9515625 0.36015625 0.06875 0.4171875
2 0.9359375 0.20234375 0.034375 0.0859375