1 0.5 0.57109375 0.24609375 0.82890625
3 0.51015625 0.21953125 0.05703125 0.1265625
0 0.5734375 0.6140625 0.06015625 0.06328125
1 0.65078125 0.26953125 0.065625 0.20390625
3 0.64453125 0.19296875 0.01328125 0.03984375
3 0.66015625 0.1953125 0.01015625 0.03125
1 0.57109375 0.2734375 0.0625 0.225
2 0.55703125 0.1921875 0.02578125 0.04921875
3 0.58046875 0.1890625 0.01796875 0.05
1 0.059375 0.30703125 0.11875 0.43984375
3 0.0984375 0.13359375 0.03203125 0.0609375
0 0.6328125 0.28671875 0.01953125 0.0078125