1 0.22734375 0.428125 0.16015625 0.73046875
1 0.42578125 0.5109375 0.30625 0.953125
1 0.6796875 0.28203125 0.10859375 0.44140625
1 0.91171875 0.49765625 0.17578125 0.9953125
3 0.23671875 0.1234375 0.05390625 0.12890625
3 0.43359375 0.159375 0.0921875 0.196875
2 0.95078125 0.09765625 0.0921875 0.1953125
2 0.68203125 0.1078125 0.03828125 0.0921875
0 0.215625 0.45625 0.04453125 0.06171875
0 0.365625 0.69140625 0.12578125 0.0609375
3 0.37890625 0.13046875 0.0625 0.17109375
0 0.93984375 0.58125 0.1125 0.04921875