3 0.51875 0.1359375 0.084375 0.125
1 0.28671875 0.43359375 0.2421875 0.5984375
1 0.178125 0.5421875 0.35625 0.915625
1 0.8328125 0.37890625 0.309375 0.728125
3 0.12109375 0.21484375 0.0796875 0.15
3 0.05703125 0.18828125 0.1015625 0.1828125
3 0.234375 0.1953125 0.065625 0.109375
1 0.57109375 0.47578125 0.3640625 0.8546875
3 0.77890625 0.09609375 0.06875 0.1203125
0 0.121875 0.7125 0.078125 0.0875
0 0.56875 0.5234375 0.0984375 0.059375
0 0.27421875 0.496875 0.05 0.05625
0 0.8375 0.421875 0.08125 0.0515625
3 0.8109375 0.08515625 0.0359375 0.1015625
1 0.9203125 0.28359375 0.140625 0.4203125
2 0.878125 0.13125 0.0484375 0.090625