3 0.5875 0.14609375 0.0640625 0.11484375
1 0.303125 0.39375 0.13359375 0.584375
1 0.13203125 0.51484375 0.25078125 0.96953125
1 0.85 0.44453125 0.17734375 0.70703125
3 0.1828125 0.14765625 0.053125 0.1421875
3 0.125 0.109375 0.0703125 0.171875
3 0.29765625 0.15 0.04609375 0.103125
1 0.57421875 0.48984375 0.209375 0.8296875
3 0.85078125 0.15703125 0.04765625 0.11328125
0 0.08828125 0.63671875 0.0640625 0.0765625
0 0.56328125 0.5359375 0.0921875 0.0421875
0 0.27890625 0.45390625 0.04140625 0.05
0 0.84609375 0.4875 0.07578125 0.03828125
3 0.884375 0.15234375 0.01796875 0.09921875
1 0.95390625 0.36796875 0.06171875 0.415625
2 0.94140625 0.21015625 0.0328125 0.0859375