1 0.509375 0.5953125 0.1953125 0.4015625
1 0.32890625 0.68046875 0.303125 0.565625
2 0.296875 0.465625 0.0609375 0.09375
3 0.346875 0.4484375 0.0546875 0.0703125
2 0.65390625 0.39609375 0.04375 0.0671875
1 0.2203125 0.5859375 0.128125 0.290625
2 0.278125 0.71015625 0.009375 0.0015625
2 0.2234375 0.47109375 0.040625 0.05625
1 0.6703125 0.53671875 0.1796875 0.3734375
0 0.67421875 0.54296875 0.0515625 0.0328125
3 0.471875 0.43671875 0.04375 0.059375
1 0.94375 0.50078125 0.1125 0.4328125
3 0.9625 0.3265625 0.04375 0.08125