1 0.484375 0.59453125 0.1765625 0.396875
1 0.28828125 0.63046875 0.2765625 0.5578125
2 0.3125 0.4140625 0.0578125 0.090625
3 0.365625 0.41015625 0.0515625 0.0671875
2 0.675 0.4390625 0.0421875 0.065625
1 0.20703125 0.5109375 0.115625 0.2890625
2 0.23125 0.6453125 0.009375 0.0015625
2 0.240625 0.40078125 0.0375 0.05625
1 0.6546875 0.5796875 0.1609375 0.36875
0 0.6578125 0.58671875 0.0515625 0.0296875
3 0.4890625 0.43125 0.040625 0.0578125
1 0.94140625 0.6203125 0.1171875 0.43125
3 0.98515625 0.45078125 0.0296875 0.0796875