1 0.50546875 0.5953125 0.1375 0.38515625
1 0.696875 0.6515625 0.221875 0.5375
2 0.6953125 0.434375 0.0484375 0.08671875
3 0.64296875 0.425 0.0453125 0.06328125
2 0.33203125 0.42109375 0.03515625 0.06171875
1 0.78984375 0.54140625 0.0859375 0.28125
2 0.75234375 0.67265625 0.00859375 0.00078125
2 0.76875 0.428125 0.0328125 0.05234375
1 0.3375 0.56328125 0.125 0.3578125
0 0.334375 0.56953125 0.0484375 0.025
3 0.51796875 0.4328125 0.0359375 0.05390625
1 0.04296875 0.5734375 0.084375 0.425
3 0.01640625 0.40078125 0.03203125 0.0765625